13
0 23 23 0 0 0 0 0 0 0 0 0 0 
34 0 0 0 0 0 0 0 0 0 0 0 0 
0 0 0 0 0 0 0 0 1 0 0 0 0 
0 0 0 0 53 0 0 0 0 0 0 0 0 
0 0 0 65 0 0 0 0 0 0 0 0 0 
0 0 0 0 0 0 34 0 0 0 0 0 0 
0 0 0 0 0 0 0 0 0 0 0 0 0 
0 0 4 0 0 0 0 0 0 0 0 0 0 
0 0 0 0 0 0 0 2 0 0 0 0 0 
0 0 0 12 0 0 0 0 0 0 0 0 0 
0 0 0 0 0 0 0 0 0 0 0 9 0 
0 0 0 0 0 0 0 0 0 0 10 0 10 
0 0 0 0 0 0 0 0 0 0 0 0 0 
12 544 166
13 802 156
14 577 419
25 858 495
23 888 279
34 655 287
45 781 386
1 484 496
2 628 531
4 766 540
5 1055 538
6 1104 403
7 1017 339
